Title: Stellar SEDS from 0.3-2.5{mu}m: Tracing the Stellar Locus and Searching 
       for Color Outliers in SDSS and 2MASS 
Authors: Covey  K.R. Ivezic Z., Schlegel D., Finkbeiner D., Padmanabhan N.,
         Lupton R.H., Agueros M.A., Bochanski J.J., Hawley S.L., West A.A., 
         Seth A., Kimball A., Gogarten S.M., Claire M., Haggard D., Kaib N., 
         Schneider D., Sesar B. 
Table: Locus colors as a function of g-i color
================================================================================
Byte-by-byte Description of file: medianlocus.tbl
--------------------------------------------------------------------------------
   Bytes Format Units   Label  Explanations
--------------------------------------------------------------------------------
   1-  4 F4.2   mag     g-i    The (g-i) color
   6-  9 I4     ---     Num    Number of stars
  11- 14 F4.2   mag     u-g    The (u-g) color
  16- 19 F4.2   mag   e_u-g    The 1{sigma} dispersion in u-g
  21- 24 F4.2   mag     g-r    The (g-r) color
  26- 29 F4.2   mag   e_g-r    The 1{sigma} dispersion in g-r
  31- 34 F4.2   mag     r-i    The (r-i) color
  36- 39 F4.2   mag   e_r-i    The 1{sigma} dispersion in r-i
  41- 45 F5.2   mag     i-z    The (i-z) color
  47- 50 F4.2   mag   e_i-z    The 1{sigma} dispersion in i-z
  52- 55 F4.2   mag     z-J    The (z-J) color
  57- 60 F4.2   mag   e_z-J    The 1{sigma} dispersion in z-J
  62- 65 F4.2   mag     J-H    The (J-H) color
  67- 70 F4.2   mag   e_J-H    The 1{sigma} dispersion in J-H
  72- 75 F4.2   mag     H-K    The (H-K_s_) color 
  77- 80 F4.2   mag   e_H-K    The 1{sigma} dispersion in H-K
--------------------------------------------------------------------------------
0.10   25 1.05 0.67 0.09 0.04 0.02 0.02 -0.03 0.06 0.76 0.19 0.23 0.38 0.12 0.51 
0.20   70 1.06 0.10 0.18 0.03 0.03 0.03 -0.02 0.06 0.77 0.07 0.22 0.07 0.09 0.11 
0.26   15 1.05 0.05 0.21 0.01 0.06 0.01 -0.03 0.02 0.77 0.03 0.22 0.04 0.08 0.01 
0.28   50 1.07 0.07 0.22 0.02 0.06 0.02 -0.03 0.03 0.77 0.04 0.24 0.05 0.05 0.08 
0.30   49 1.07 0.07 0.24 0.03 0.06 0.03  0.00 0.04 0.79 0.04 0.23 0.06 0.08 0.10 
0.32  132 1.05 0.10 0.25 0.03 0.08 0.02  0.00 0.04 0.78 0.04 0.25 0.06 0.06 0.09 
0.34   86 1.09 0.09 0.26 0.02 0.09 0.02  0.00 0.04 0.80 0.04 0.25 0.07 0.06 0.07 
0.36  212 1.07 0.10 0.28 0.03 0.09 0.02  0.00 0.03 0.80 0.04 0.26 0.05 0.06 0.07 
0.38  178 1.08 0.07 0.29 0.03 0.09 0.03  0.01 0.04 0.81 0.04 0.28 0.05 0.06 0.08 
0.40  442 1.07 0.09 0.30 0.02 0.10 0.03  0.01 0.03 0.81 0.04 0.28 0.06 0.06 0.07 
0.42  383 1.10 0.07 0.32 0.02 0.11 0.02  0.01 0.03 0.82 0.04 0.29 0.05 0.07 0.07 
0.44  903 1.10 0.08 0.33 0.03 0.11 0.02  0.02 0.04 0.82 0.04 0.29 0.05 0.07 0.07 
0.46  706 1.11 0.07 0.34 0.02 0.12 0.02  0.02 0.03 0.83 0.04 0.30 0.05 0.08 0.07 
0.48 1494 1.12 0.08 0.36 0.02 0.12 0.02  0.02 0.04 0.84 0.04 0.31 0.05 0.07 0.07 
0.50 1198 1.14 0.07 0.37 0.02 0.13 0.02  0.03 0.03 0.84 0.04 0.31 0.06 0.07 0.07 
0.52 2351 1.15 0.08 0.38 0.02 0.14 0.02  0.03 0.03 0.85 0.04 0.32 0.06 0.07 0.07 
0.54 1859 1.18 0.09 0.40 0.02 0.14 0.02  0.03 0.03 0.85 0.04 0.33 0.05 0.07 0.08 
0.56 3276 1.20 0.09 0.41 0.02 0.15 0.02  0.04 0.03 0.86 0.04 0.33 0.06 0.07 0.07 
0.58 2325 1.22 0.09 0.43 0.02 0.15 0.02  0.04 0.03 0.87 0.04 0.34 0.05 0.07 0.07 
0.60 3746 1.25 0.10 0.44 0.02 0.16 0.02  0.04 0.03 0.87 0.04 0.34 0.06 0.07 0.07 
0.62 2732 1.28 0.10 0.46 0.02 0.16 0.02  0.05 0.04 0.88 0.04 0.35 0.06 0.08 0.07 
0.64 3831 1.31 0.11 0.47 0.03 0.17 0.02  0.05 0.03 0.89 0.04 0.35 0.05 0.08 0.07 
0.66 2794 1.34 0.12 0.48 0.02 0.17 0.02  0.05 0.03 0.89 0.04 0.36 0.06 0.08 0.07 
0.68 3671 1.37 0.11 0.50 0.02 0.18 0.02  0.06 0.04 0.90 0.04 0.37 0.06 0.08 0.07 
0.70 2747 1.40 0.12 0.51 0.02 0.19 0.02  0.06 0.03 0.91 0.04 0.38 0.06 0.08 0.07 
0.72 3490 1.44 0.13 0.53 0.02 0.19 0.02  0.07 0.04 0.91 0.04 0.39 0.06 0.08 0.07 
0.74 2551 1.46 0.13 0.54 0.03 0.20 0.02  0.07 0.03 0.92 0.04 0.40 0.05 0.08 0.07 
0.76 3475 1.49 0.13 0.56 0.02 0.20 0.02  0.07 0.04 0.93 0.04 0.40 0.06 0.09 0.08 
0.78 2628 1.53 0.14 0.57 0.03 0.21 0.03  0.08 0.03 0.94 0.04 0.41 0.06 0.09 0.07 
0.80 3374 1.56 0.13 0.58 0.02 0.21 0.02  0.08 0.04 0.95 0.04 0.42 0.06 0.08 0.07 
0.82 2555 1.60 0.13 0.60 0.02 0.22 0.03  0.09 0.04 0.95 0.04 0.43 0.06 0.09 0.07 
0.84 3424 1.63 0.13 0.61 0.03 0.23 0.02  0.09 0.04 0.96 0.04 0.44 0.06 0.09 0.07 
0.86 2658 1.66 0.14 0.63 0.02 0.23 0.03  0.10 0.04 0.97 0.04 0.45 0.06 0.09 0.07 
0.88 3335 1.69 0.13 0.64 0.03 0.24 0.03  0.10 0.03 0.97 0.04 0.45 0.06 0.09 0.07 
0.90 2535 1.73 0.14 0.66 0.02 0.24 0.02  0.11 0.04 0.98 0.04 0.46 0.06 0.09 0.07 
0.92 3212 1.76 0.13 0.67 0.03 0.25 0.03  0.11 0.03 0.99 0.04 0.47 0.06 0.09 0.07 
0.94 2550 1.80 0.14 0.68 0.03 0.25 0.02  0.11 0.03 1.00 0.05 0.48 0.05 0.10 0.07 
0.96 3223 1.82 0.13 0.70 0.02 0.26 0.03  0.12 0.04 1.00 0.04 0.48 0.06 0.10 0.07 
0.98 2298 1.86 0.13 0.71 0.03 0.26 0.02  0.12 0.03 1.01 0.04 0.49 0.05 0.10 0.07 
1.00 2879 1.90 0.13 0.73 0.03 0.27 0.03  0.12 0.04 1.01 0.04 0.49 0.05 0.10 0.07 
1.02 2206 1.93 0.13 0.74 0.03 0.28 0.02  0.13 0.04 1.02 0.04 0.50 0.06 0.10 0.07 
1.04 2779 1.95 0.13 0.76 0.03 0.28 0.03  0.13 0.03 1.03 0.05 0.51 0.06 0.10 0.07 
1.06 1929 1.98 0.13 0.77 0.03 0.29 0.02  0.13 0.04 1.03 0.04 0.51 0.05 0.10 0.07 
1.08 2559 2.01 0.12 0.79 0.02 0.29 0.03  0.14 0.03 1.04 0.05 0.52 0.06 0.11 0.07 
1.10 2015 2.04 0.13 0.80 0.03 0.30 0.02  0.14 0.04 1.04 0.04 0.53 0.05 0.11 0.07 
1.12 2373 2.07 0.12 0.82 0.03 0.30 0.03  0.15 0.04 1.05 0.05 0.53 0.06 0.11 0.07 
1.14 1775 2.09 0.12 0.83 0.03 0.31 0.02  0.15 0.03 1.05 0.04 0.54 0.06 0.11 0.07 
1.16 2239 2.12 0.13 0.85 0.02 0.31 0.03  0.15 0.04 1.06 0.05 0.54 0.06 0.11 0.07 
1.18 1870 2.14 0.11 0.86 0.03 0.32 0.03  0.16 0.04 1.06 0.04 0.55 0.06 0.11 0.07 
1.20 2156 2.17 0.13 0.87 0.02 0.32 0.02  0.16 0.03 1.07 0.05 0.55 0.06 0.11 0.07 
1.22 1550 2.19 0.12 0.89 0.02 0.33 0.03  0.16 0.04 1.07 0.04 0.56 0.05 0.11 0.07 
1.24 2093 2.22 0.12 0.90 0.03 0.33 0.02  0.17 0.04 1.07 0.04 0.56 0.06 0.11 0.07 
1.26 1734 2.24 0.12 0.92 0.02 0.34 0.03  0.17 0.03 1.08 0.05 0.57 0.05 0.12 0.07 
1.28 2092 2.26 0.12 0.93 0.03 0.35 0.03  0.18 0.04 1.08 0.05 0.57 0.06 0.11 0.07 
1.30 1520 2.28 0.11 0.94 0.02 0.35 0.03  0.18 0.04 1.09 0.04 0.58 0.05 0.12 0.06 
1.32 1905 2.30 0.10 0.96 0.03 0.36 0.03  0.18 0.04 1.09 0.04 0.58 0.06 0.12 0.07 
1.34 1708 2.33 0.11 0.97 0.02 0.36 0.02  0.19 0.04 1.09 0.05 0.59 0.06 0.12 0.07 
1.36 1985 2.35 0.10 0.99 0.02 0.37 0.03  0.19 0.03 1.10 0.04 0.59 0.05 0.12 0.07 
1.38 1490 2.36 0.10 1.00 0.03 0.38 0.02  0.19 0.04 1.10 0.04 0.60 0.05 0.12 0.07 
1.40 1869 2.38 0.10 1.02 0.02 0.38 0.03  0.20 0.03 1.10 0.05 0.60 0.06 0.12 0.07 
1.42 1821 2.40 0.10 1.03 0.03 0.39 0.03  0.20 0.04 1.11 0.04 0.60 0.05 0.13 0.07 
1.44 1885 2.42 0.11 1.04 0.03 0.39 0.02  0.21 0.04 1.11 0.05 0.61 0.05 0.13 0.06 
1.46 1531 2.43 0.10 1.05 0.02 0.40 0.03  0.21 0.04 1.12 0.04 0.61 0.06 0.13 0.07 
1.48 1810 2.45 0.10 1.07 0.03 0.41 0.02  0.21 0.04 1.12 0.04 0.61 0.05 0.13 0.07 
1.50 1709 2.46 0.10 1.08 0.03 0.41 0.02  0.22 0.04 1.13 0.05 0.62 0.05 0.13 0.07 
1.52 1864 2.47 0.10 1.09 0.03 0.42 0.02  0.22 0.04 1.13 0.04 0.62 0.05 0.13 0.06 
1.54 1508 2.49 0.10 1.11 0.03 0.43 0.03  0.23 0.04 1.13 0.04 0.63 0.05 0.14 0.07 
1.56 1814 2.50 0.10 1.12 0.03 0.44 0.02  0.23 0.03 1.13 0.05 0.63 0.06 0.13 0.07 
1.58 1765 2.51 0.10 1.13 0.03 0.44 0.02  0.24 0.04 1.14 0.04 0.63 0.05 0.13 0.07 
1.60 1996 2.53 0.10 1.15 0.02 0.45 0.03  0.24 0.04 1.14 0.05 0.64 0.05 0.14 0.07 
1.62 1598 2.54 0.10 1.16 0.02 0.46 0.03  0.24 0.04 1.15 0.04 0.64 0.05 0.14 0.07 
1.64 1851 2.55 0.10 1.17 0.03 0.47 0.02  0.25 0.04 1.15 0.04 0.64 0.05 0.14 0.06 
1.66 1863 2.56 0.10 1.18 0.03 0.47 0.02  0.25 0.04 1.15 0.05 0.65 0.05 0.14 0.07 
1.68 1966 2.57 0.11 1.19 0.02 0.48 0.03  0.26 0.04 1.16 0.05 0.65 0.06 0.14 0.07 
1.70 1718 2.57 0.10 1.21 0.02 0.49 0.03  0.26 0.04 1.16 0.04 0.65 0.04 0.14 0.07 
1.72 1843 2.58 0.11 1.22 0.02 0.50 0.03  0.27 0.04 1.16 0.04 0.65 0.06 0.15 0.06 
1.74 1944 2.59 0.10 1.23 0.02 0.51 0.03  0.27 0.04 1.17 0.05 0.65 0.05 0.15 0.07 
1.76 2053 2.59 0.11 1.24 0.03 0.52 0.03  0.28 0.04 1.17 0.04 0.65 0.05 0.15 0.07 
1.78 1848 2.60 0.11 1.25 0.03 0.53 0.03  0.28 0.04 1.17 0.04 0.66 0.05 0.15 0.06 
1.80 1966 2.61 0.10 1.26 0.03 0.54 0.03  0.29 0.04 1.18 0.04 0.66 0.05 0.16 0.07 
1.82 1992 2.61 0.10 1.27 0.03 0.55 0.02  0.29 0.04 1.18 0.04 0.66 0.05 0.15 0.06 
1.84 2069 2.61 0.11 1.28 0.03 0.55 0.03  0.30 0.04 1.18 0.04 0.66 0.05 0.16 0.07 
1.86 1894 2.61 0.11 1.29 0.03 0.56 0.02  0.30 0.04 1.19 0.05 0.66 0.05 0.16 0.06 
1.88 2015 2.62 0.11 1.30 0.03 0.57 0.02  0.31 0.04 1.19 0.04 0.66 0.05 0.16 0.07 
1.90 2200 2.61 0.10 1.31 0.03 0.59 0.03  0.32 0.04 1.19 0.04 0.67 0.05 0.16 0.07 
1.92 2243 2.62 0.11 1.32 0.03 0.60 0.03  0.32 0.04 1.19 0.05 0.67 0.05 0.17 0.06 
1.94 2002 2.61 0.11 1.33 0.03 0.61 0.03  0.33 0.04 1.20 0.04 0.66 0.05 0.17 0.06 
1.96 2329 2.62 0.12 1.34 0.02 0.62 0.03  0.33 0.04 1.20 0.04 0.66 0.05 0.17 0.07 
1.98 2243 2.62 0.11 1.34 0.03 0.63 0.03  0.34 0.04 1.21 0.05 0.67 0.05 0.18 0.06 
2.00 2348 2.61 0.11 1.35 0.03 0.65 0.03  0.35 0.04 1.21 0.04 0.66 0.05 0.18 0.07 
2.02 2568 2.62 0.12 1.36 0.03 0.66 0.03  0.36 0.04 1.21 0.05 0.67 0.05 0.18 0.06 
2.04 2016 2.62 0.12 1.37 0.04 0.67 0.03  0.36 0.04 1.22 0.05 0.67 0.05 0.18 0.07 
2.06 2542 2.61 0.11 1.37 0.03 0.68 0.04  0.37 0.04 1.22 0.04 0.66 0.05 0.18 0.07 
2.08 2499 2.61 0.13 1.38 0.04 0.70 0.03  0.38 0.04 1.22 0.04 0.66 0.06 0.19 0.06 
2.10 2798 2.62 0.12 1.38 0.04 0.71 0.04  0.39 0.04 1.23 0.04 0.66 0.06 0.19 0.06 
2.12 2232 2.62 0.13 1.39 0.04 0.73 0.03  0.39 0.04 1.23 0.05 0.66 0.06 0.19 0.06 
2.14 2664 2.61 0.13 1.39 0.03 0.74 0.04  0.40 0.04 1.23 0.04 0.66 0.06 0.19 0.07 
2.16 2749 2.61 0.13 1.40 0.04 0.76 0.04  0.41 0.04 1.24 0.04 0.66 0.06 0.20 0.06 
2.18 2962 2.61 0.13 1.40 0.04 0.77 0.04  0.42 0.04 1.24 0.05 0.66 0.07 0.20 0.06 
2.20 2403 2.61 0.13 1.41 0.04 0.79 0.04  0.43 0.04 1.25 0.04 0.65 0.06 0.20 0.06 
2.22 2865 2.60 0.13 1.41 0.04 0.81 0.04  0.43 0.04 1.25 0.05 0.65 0.06 0.20 0.07 
2.24 2801 2.60 0.13 1.41 0.04 0.83 0.04  0.44 0.04 1.26 0.05 0.65 0.06 0.21 0.07 
2.26 3046 2.60 0.13 1.41 0.04 0.85 0.04  0.45 0.04 1.26 0.04 0.64 0.07 0.21 0.06 
2.28 2594 2.61 0.14 1.41 0.04 0.86 0.04  0.46 0.04 1.26 0.05 0.64 0.06 0.21 0.06 
2.30 2857 2.60 0.15 1.41 0.04 0.88 0.04  0.47 0.04 1.27 0.04 0.64 0.06 0.21 0.07 
2.32 2853 2.60 0.15 1.42 0.04 0.90 0.04  0.48 0.04 1.28 0.04 0.64 0.06 0.21 0.07 
2.34 3217 2.60 0.16 1.41 0.04 0.92 0.04  0.49 0.04 1.28 0.05 0.64 0.06 0.22 0.07 
2.36 2642 2.60 0.15 1.41 0.04 0.94 0.04  0.50 0.04 1.28 0.05 0.64 0.06 0.22 0.07 
2.38 3011 2.60 0.16 1.41 0.05 0.96 0.04  0.51 0.04 1.29 0.04 0.64 0.07 0.22 0.07 
2.40 2901 2.59 0.16 1.41 0.05 0.98 0.04  0.52 0.04 1.30 0.05 0.63 0.06 0.22 0.06 
2.42 3290 2.60 0.16 1.42 0.05 1.00 0.05  0.53 0.04 1.30 0.04 0.63 0.06 0.23 0.06 
2.44 2771 2.60 0.17 1.41 0.05 1.02 0.05  0.54 0.04 1.31 0.04 0.62 0.07 0.23 0.07 
2.46 2967 2.60 0.18 1.41 0.05 1.04 0.05  0.55 0.04 1.31 0.04 0.62 0.06 0.23 0.06 
2.48 3029 2.59 0.17 1.42 0.05 1.06 0.05  0.56 0.04 1.32 0.05 0.62 0.06 0.23 0.07 
2.50 3278 2.59 0.17 1.41 0.05 1.08 0.05  0.57 0.04 1.32 0.05 0.62 0.06 0.23 0.06 
2.52 2778 2.59 0.19 1.41 0.05 1.10 0.05  0.58 0.04 1.33 0.04 0.62 0.07 0.24 0.07 
2.54 2943 2.60 0.19 1.41 0.06 1.12 0.05  0.59 0.04 1.33 0.05 0.62 0.07 0.24 0.07 
2.56 3096 2.60 0.21 1.41 0.06 1.14 0.05  0.60 0.04 1.34 0.04 0.62 0.07 0.23 0.07 
2.58 3135 2.59 0.21 1.41 0.06 1.17 0.05  0.61 0.04 1.34 0.05 0.61 0.07 0.24 0.06 
2.60 2943 2.58 0.20 1.41 0.05 1.18 0.06  0.62 0.04 1.35 0.05 0.61 0.06 0.24 0.06 
2.62 2853 2.60 0.21 1.41 0.05 1.20 0.05  0.63 0.04 1.36 0.05 0.61 0.06 0.24 0.06 
2.64 2881 2.59 0.22 1.41 0.05 1.22 0.06  0.64 0.04 1.36 0.05 0.61 0.06 0.24 0.07 
2.66 2850 2.58 0.22 1.42 0.05 1.24 0.06  0.65 0.04 1.37 0.05 0.61 0.06 0.24 0.07 
2.68 2716 2.60 0.24 1.42 0.05 1.26 0.05  0.66 0.04 1.37 0.05 0.60 0.07 0.25 0.07 
2.70 2747 2.61 0.24 1.42 0.05 1.28 0.05  0.67 0.04 1.38 0.04 0.60 0.07 0.25 0.07 
2.72 2631 2.60 0.24 1.42 0.06 1.30 0.05  0.68 0.04 1.39 0.05 0.60 0.07 0.25 0.06 
2.74 2480 2.61 0.27 1.42 0.06 1.31 0.05  0.69 0.04 1.40 0.05 0.60 0.06 0.25 0.07 
2.76 2380 2.61 0.27 1.42 0.05 1.33 0.05  0.70 0.04 1.40 0.04 0.60 0.07 0.25 0.07 
2.78 2254 2.61 0.27 1.43 0.05 1.35 0.05  0.71 0.04 1.41 0.05 0.60 0.06 0.25 0.07 
2.80 2036 2.62 0.28 1.43 0.06 1.36 0.05  0.72 0.04 1.41 0.05 0.60 0.06 0.26 0.06 
2.82 1979 2.61 0.30 1.43 0.05 1.38 0.06  0.73 0.04 1.42 0.05 0.60 0.06 0.26 0.07 
2.84 1864 2.61 0.30 1.44 0.05 1.40 0.06  0.74 0.04 1.42 0.05 0.60 0.06 0.26 0.06 
2.86 1634 2.62 0.30 1.44 0.06 1.42 0.05  0.75 0.04 1.43 0.05 0.60 0.06 0.26 0.07 
2.88 1540 2.60 0.33 1.45 0.05 1.43 0.06  0.76 0.04 1.44 0.05 0.60 0.06 0.26 0.07 
2.90 1502 2.61 0.35 1.45 0.06 1.45 0.05  0.77 0.05 1.44 0.05 0.60 0.06 0.27 0.06 
2.92 1303 2.65 0.33 1.45 0.05 1.46 0.05  0.78 0.04 1.45 0.06 0.60 0.06 0.27 0.07 
2.94 1167 2.62 0.33 1.46 0.05 1.48 0.05  0.78 0.05 1.46 0.05 0.60 0.07 0.28 0.07 
2.96 1138 2.61 0.37 1.46 0.04 1.50 0.05  0.80 0.05 1.46 0.05 0.60 0.06 0.27 0.06 
2.98  927 2.63 0.38 1.47 0.05 1.51 0.05  0.80 0.04 1.47 0.05 0.60 0.07 0.27 0.07 
3.00  976 2.61 0.43 1.47 0.05 1.52 0.04  0.81 0.05 1.48 0.05 0.59 0.07 0.27 0.07 
3.02  888 2.61 0.36 1.48 0.04 1.54 0.05  0.82 0.05 1.48 0.05 0.59 0.06 0.28 0.06 
3.04  811 2.63 0.40 1.48 0.04 1.56 0.05  0.83 0.04 1.49 0.06 0.60 0.06 0.28 0.07 
3.06  686 2.64 0.41 1.49 0.04 1.56 0.05  0.83 0.04 1.50 0.06 0.59 0.06 0.28 0.07 
3.08  649 2.62 0.40 1.49 0.04 1.58 0.04  0.85 0.04 1.50 0.06 0.60 0.06 0.28 0.07 
3.10  611 2.62 0.42 1.50 0.04 1.60 0.05  0.85 0.05 1.51 0.05 0.59 0.06 0.28 0.06 
3.12  553 2.64 0.42 1.50 0.04 1.62 0.05  0.87 0.05 1.52 0.06 0.59 0.07 0.28 0.07 
3.14  525 2.64 0.50 1.51 0.04 1.63 0.04  0.88 0.05 1.52 0.06 0.59 0.06 0.28 0.06 
3.16  439 2.57 0.44 1.51 0.04 1.65 0.05  0.88 0.04 1.52 0.05 0.59 0.06 0.29 0.06 
3.18  405 2.65 0.53 1.52 0.05 1.66 0.05  0.89 0.04 1.53 0.05 0.59 0.06 0.28 0.07 
3.20  391 2.64 0.47 1.52 0.04 1.68 0.04  0.90 0.04 1.54 0.06 0.59 0.06 0.30 0.07 
3.22  391 2.60 0.50 1.52 0.04 1.69 0.04  0.91 0.05 1.55 0.07 0.60 0.06 0.29 0.06 
3.24  334 2.60 0.49 1.53 0.04 1.70 0.05  0.92 0.04 1.55 0.07 0.59 0.06 0.30 0.07 
3.26  268 2.63 0.52 1.54 0.05 1.71 0.05  0.92 0.05 1.55 0.06 0.59 0.07 0.30 0.06 
3.28  267 2.65 0.53 1.54 0.04 1.73 0.04  0.95 0.05 1.57 0.06 0.58 0.06 0.31 0.07 
3.30  242 2.60 0.57 1.54 0.04 1.75 0.04  0.94 0.05 1.57 0.06 0.60 0.05 0.30 0.07 
3.32  244 2.66 0.60 1.54 0.04 1.77 0.05  0.95 0.06 1.58 0.06 0.60 0.06 0.31 0.07 
3.34  197 2.68 0.61 1.55 0.05 1.79 0.05  0.97 0.05 1.58 0.06 0.59 0.07 0.30 0.07 
3.36  195 2.51 0.61 1.56 0.04 1.80 0.04  0.96 0.05 1.59 0.06 0.59 0.06 0.31 0.06 
3.38  177 2.61 0.58 1.56 0.05 1.81 0.06  0.98 0.04 1.60 0.05 0.59 0.07 0.31 0.07 
3.40  158 2.50 0.63 1.56 0.04 1.83 0.04  0.99 0.05 1.60 0.06 0.60 0.05 0.32 0.06 
3.42  108 2.43 0.86 1.56 0.05 1.85 0.05  1.00 0.04 1.62 0.07 0.60 0.06 0.32 0.07 
3.44  130 2.52 0.58 1.57 0.05 1.86 0.05  1.01 0.06 1.62 0.06 0.59 0.07 0.32 0.06 
3.46  114 2.58 0.77 1.57 0.05 1.88 0.05  1.03 0.05 1.63 0.05 0.60 0.06 0.32 0.07 
3.48  110 2.50 0.79 1.58 0.05 1.90 0.05  1.02 0.06 1.62 0.07 0.58 0.05 0.33 0.07 
3.50   91 2.46 0.67 1.58 0.03 1.92 0.04  1.03 0.06 1.63 0.04 0.60 0.06 0.33 0.06 
3.52   99 2.53 0.58 1.59 0.05 1.93 0.06  1.04 0.07 1.64 0.06 0.60 0.05 0.32 0.06 
3.54   83 2.41 0.61 1.59 0.05 1.94 0.05  1.06 0.04 1.67 0.06 0.59 0.05 0.33 0.06 
3.56  104 2.43 0.61 1.59 0.06 1.97 0.05  1.07 0.06 1.66 0.05 0.59 0.07 0.33 0.07 
3.58   66 2.58 0.64 1.59 0.04 1.99 0.04  1.06 0.05 1.67 0.07 0.58 0.06 0.34 0.05 
3.60   67 2.47 0.56 1.59 0.04 2.01 0.04  1.08 0.05 1.66 0.07 0.60 0.07 0.33 0.06 
3.62   57 2.73 0.76 1.59 0.05 2.03 0.05  1.09 0.05 1.69 0.07 0.60 0.07 0.34 0.07 
3.64   45 2.43 0.76 1.59 0.06 2.04 0.06  1.10 0.06 1.67 0.09 0.59 0.07 0.33 0.06 
3.66   52 2.43 0.67 1.61 0.04 2.05 0.04  1.10 0.04 1.69 0.07 0.58 0.05 0.35 0.05 
3.68   48 2.39 0.81 1.60 0.07 2.07 0.06  1.13 0.04 1.68 0.06 0.61 0.06 0.31 0.06 
3.70   42 2.20 0.79 1.62 0.07 2.08 0.07  1.13 0.07 1.72 0.08 0.60 0.05 0.33 0.07 
3.72   44 2.27 0.87 1.60 0.08 2.11 0.07  1.16 0.05 1.71 0.05 0.60 0.05 0.30 0.08 
3.74   38 2.46 0.65 1.61 0.05 2.12 0.06  1.14 0.05 1.70 0.05 0.61 0.04 0.34 0.04 
3.76   39 2.27 0.75 1.61 0.08 2.15 0.07  1.17 0.05 1.70 0.07 0.60 0.07 0.35 0.07 
3.78   27 2.55 0.72 1.61 0.04 2.16 0.04  1.18 0.05 1.70 0.09 0.63 0.07 0.35 0.06 
3.80   34 2.47 0.69 1.59 0.09 2.20 0.10  1.18 0.07 1.73 0.08 0.61 0.07 0.33 0.06 
3.82   23 2.33 0.41 1.61 0.04 2.20 0.03  1.19 0.05 1.76 0.06 0.64 0.04 0.32 0.06 
3.84   39 2.46 0.90 1.65 0.07 2.19 0.06  1.22 0.05 1.77 0.05 0.62 0.05 0.34 0.07 
3.86   27 1.99 0.53 1.62 0.07 2.24 0.05  1.24 0.05 1.80 0.06 0.62 0.05 0.37 0.07 
3.88   19 2.52 0.84 1.64 0.06 2.23 0.06  1.25 0.05 1.78 0.04 0.60 0.06 0.34 0.06 
3.90   19 2.37 0.78 1.62 0.07 2.27 0.09  1.22 0.03 1.81 0.05 0.63 0.07 0.34 0.07 
3.92   16 1.75 0.66 1.62 0.09 2.29 0.07  1.27 0.06 1.84 0.10 0.59 0.05 0.34 0.04 
3.94   15 2.66 0.85 1.67 0.10 2.26 0.08  1.26 0.07 1.78 0.04 0.63 0.04 0.39 0.09 
3.96   13 2.30 1.07 1.66 0.07 2.29 0.07  1.24 0.07 1.85 0.10 0.67 0.04 0.31 0.05 
3.98   17 2.09 0.53 1.64 0.10 2.33 0.10  1.27 0.04 1.81 0.05 0.59 0.10 0.36 0.13 
4.00   17 2.14 1.10 1.66 0.03 2.34 0.03  1.28 0.06 1.84 0.04 0.63 0.08 0.38 0.07 
4.02   16 2.28 0.66 1.62 0.06 2.39 0.07  1.30 0.07 1.80 0.09 0.62 0.06 0.36 0.07 
4.04   20 2.08 0.90 1.66 0.10 2.38 0.09  1.28 0.07 1.85 0.07 0.59 0.04 0.37 0.07 
4.06   15 1.84 0.66 1.56 0.12 2.49 0.13  1.36 0.10 1.84 0.09 0.60 0.07 0.37 0.04 
4.08   12 2.07 0.66 1.65 0.07 2.43 0.09  1.30 0.09 1.86 0.05 0.60 0.04 0.38 0.06 
4.10   16 2.23 1.11 1.61 0.07 2.49 0.07  1.32 0.10 1.88 0.10 0.62 0.07 0.33 0.06 
4.12   13 1.82 0.70 1.63 0.08 2.48 0.07  1.36 0.05 1.90 0.10 0.61 0.05 0.38 0.05 
4.14    8 2.31 1.31 1.64 0.18 2.49 0.12  1.34 0.05 1.86 0.06 0.62 0.12 0.34 0.02 
4.16   15 1.81 0.72 1.67 0.10 2.48 0.07  1.37 0.03 1.93 0.06 0.62 0.06 0.37 0.05 
4.18    8 2.14 0.58 1.69 0.13 2.49 0.10  1.37 0.05 1.97 0.10 0.60 0.05 0.39 0.05 
4.24   29 2.09 0.95 1.66 0.12 2.54 0.10  1.39 0.10 1.92 0.11 0.63 0.06 0.36 0.08 
4.34   32 1.33 0.75 1.68 0.13 2.64 0.14  1.48 0.13 1.96 0.15 0.63 0.07 0.42 0.05 
